4.000000
3.915683
3.829192
3.740716
3.646649
3.557182
3.469675
3.376584
3.279423
3.157418
3.037115
2.911288
2.780177
2.660295
2.536778
2.409847
2.268805
2.234454
2.199711
2.158549
2.130263
2.087697
2.030307
1.982507
1.935891
1.935791
1.923459
1.914629
1.903970
1.838594
1.767137
1.687941
1.616753
1.614781
1.604680
1.606377
1.601959
1.593606
1.591115
1.575225
1.567488
1.555553
1.539828
1.525676
1.508091
1.517501
1.528166
1.543828
1.556263
1.542554
1.537000
1.525114
1.512416
1.495872
1.481084
1.471142
1.451715
1.428304
1.406679
1.382719
1.358839
1.337667
1.315280
1.289339
1.265610
1.258604
1.246571
1.237792
1.229824
1.228260
1.229397
1.227588
1.226383
1.208872
1.191529
1.174060
1.155962
1.141527
1.126390
1.110462
1.095361
1.088493
1.078910
1.071793
1.065581
1.063519
1.063798
1.059036
1.053886
1.046240
1.038821
1.031391
1.024611
1.021123
1.017775
1.014347
1.011140
1.004812
0.998236
0.991210
0.985723
0.981657
0.980078
0.974782
0.967311
0.963650
0.960573
0.957183
0.954956
0.953187
0.952151
0.950410
