2.088374
1.617638
1.553464
1.182518
0.988940
0.903542
0.831933
0.771396
0.724677
0.689807
0.662811
0.640532
0.620835
0.602737
0.586086
0.571074
0.557846
0.546338
0.536329
0.527533
0.519648
0.512393
0.505519
0.498825
0.492159
0.485420
0.478544
0.471496
0.464260
0.456830
0.449204
0.441370
0.433306
0.424967
0.416289
0.407195
0.397603
0.387437
0.376626
0.365141
0.353049
0.340547
0.327884
0.315233
0.302648
0.290095
0.277512
0.264862
0.252175
0.239566
0.227215
0.215319
0.204033
0.193453
0.183613
0.174507
0.166106
0.158364
0.151234
0.144663
0.138601
0.133001
0.127818
0.123012
0.118546
0.114387
0.110505
0.106875
0.103472
0.100277
0.097270
0.094435
0.091758
0.089226
0.086826
0.084549
0.082385
0.080326
0.078364
0.076492
0.074704
0.072995
0.071359
0.069792
0.068288
0.066846
0.065459
0.064127
0.062844
0.061609
0.060419
0.059272
0.058164
0.057095
0.056062
0.055063
0.054097
0.053162
0.052257
0.051380
0.050530
0.049705
0.048906
0.048129
0.047375
0.046643
0.045931
0.045239
0.044566
0.043912
0.043274
0.042654
0.042050
0.041461
0.040887
0.040328
0.039783
0.039251
0.038732
0.038226
0.037732
0.037249
0.036777
0.036317
0.035867
0.035427
0.034997
0.034577
0.034166
0.033764
0.033371
0.032986
0.032609
0.032240
0.031879
0.031525
0.031179
0.030840
0.030507
0.030182
0.029862
0.029549
0.029243
0.028942
0.028647
0.028357
0.028073
0.027794
0.027521
0.027253
0.026989
0.026730
0.026476
0.026227
0.025982
0.025741
0.025505
0.025272
0.025044
0.024820
0.024599
0.024382
0.024169
0.023959
0.023753
0.023550
0.023350
0.023154
0.022961
0.022771
0.022584
0.022399
0.022218
0.022039
0.021864
0.021691
0.021520
0.021352
0.021187
0.021024
0.020863
0.020705
0.020549
0.020395
0.020244
0.020094
0.019947
0.019802
0.019659
0.019518
0.019379
0.019241
0.019106
0.018972
0.018840
0.018710
0.018582
0.018455
0.018330
0.018207
0.018085
0.017965
0.017846
0.017729
0.017614
0.017499
0.017387
0.017275
0.017165
0.017057
0.016949
0.016843
0.016738
0.016635
0.016533
0.016432
0.016332
0.016233
0.016136
0.016039
0.015944
0.015850
0.015756
0.015664
0.015573
0.015483
0.015394
0.015306
0.015219
0.015133
0.015048
0.014964
0.014880
0.014798
0.014716
0.014636
0.014556
0.014477
0.014399
0.014322
0.014245
0.014169
0.014094
0.014020
0.013947
0.013874
0.013802
0.013731
0.013660
0.013591
0.013521
0.013453
0.013385
0.013318
0.013252
0.013186
0.013121
0.013056
0.012992
0.012929
0.012866
0.012804
0.012742
0.012681
0.012621
0.012561
0.012502
0.012443
0.012385
0.012327
0.012270
0.012213
0.012157
0.012102
0.012046
0.011992
0.011938
0.011884
0.011831
0.011778
0.011726
0.011674
0.011622
0.011571
0.011521
0.011471
0.011421
0.011372
0.011323
0.011274
0.011226
0.011179
0.011131
0.011084
0.011038
0.010992
0.010946
0.010901
0.010856
0.010811
0.010767
0.010723
0.010679
0.010636
0.010593
0.010551
0.010508
0.010467
0.010425
0.010384
0.010343
0.010302
0.010262
0.010222
0.010182
0.010143
0.010104
0.010065
0.010026
0.009988
0.009950
0.009913
0.009875
0.009838
0.009801
0.009765
0.009728
0.009692
0.009657
0.009621
0.009586
0.009551
0.009516
0.009481
0.009447
0.009413
0.009379
0.009346
0.009312
0.009279
0.009246
0.009214
0.009181
0.009149
0.009117
0.009086
0.009054
0.009023
0.008992
0.008961
0.008930
0.008899
0.008869
0.008839
0.008809
0.008779
0.008750
0.008721
0.008692
0.008663
0.008634
0.008605
0.008577
0.008549
0.008521
0.008493
0.008465
0.008438
0.008411
0.008383
0.008356
0.008330
0.008303
0.008277
0.008250
0.008224
0.008198
0.008172
0.008147
0.008121
0.008096
0.008071
0.008046
0.008021
0.007996
0.007972
0.007947
0.007923
0.007899
0.007875
0.007851
0.007827
0.007804
0.007780
0.007757
0.007734
0.007711
0.007688
0.007665
0.007642
0.007620
0.007597
0.007575
0.007553
0.007531
0.007509
0.007488
0.007466
0.007444
0.007423
0.007402
0.007381
0.007360
0.007339
0.007318
0.007297
0.007277
0.007256
0.007236
0.007216
0.007196
0.007176
0.007156
0.007136
0.007116
0.007097
0.007077
0.007058
0.007039
0.007019
0.007000
0.006981
0.006963
0.006944
0.006925
0.006907
0.006888
0.006870
0.006851
0.006833
0.006815
0.006797
0.006779
0.006761
0.006744
0.006726
0.006709
0.006691
0.006674
0.006657
0.006639
0.006622
0.006605
0.006588
0.006572
0.006555
0.006538
0.006521
0.006505
0.006489
0.006472
0.006456
0.006440
0.006424
0.006408
0.006392
0.006376
0.006360
0.006344
0.006329
0.006313
0.006298
0.006282
0.006267
0.006252
0.006236
0.006221
0.006206
0.006191
0.006176
0.006161
0.006147
0.006132
0.006117
0.006103
0.006088
0.006074
0.006060
0.006045
0.006031
0.006017
0.006003
0.005989
0.005975
0.005961
0.005947
0.005933
0.005919
0.005906
0.005892
0.005879
0.005865
0.005852
0.005838
0.005825
0.005812
0.005799
0.005786
0.005773
0.005760
0.005747
0.005734
0.005721
0.005708
0.005695
0.005683
0.005670
0.005658
0.005645
0.005633
0.005620
0.005608
0.005596
0.005583
0.005571
0.005559
0.005547
0.005535
0.005523
0.005511
0.005499
0.005487
0.005475
0.005464
0.005452
0.005440
0.005429
0.005417
0.005406
0.005394
0.005383
0.005372
0.005360
0.005349
0.005338
0.005327
0.005316
0.005305
0.005294
0.005283
0.005272
0.005261
0.005250
0.005239
0.005228
0.005218
0.005207
0.005196
0.005186
0.005175
0.005165
0.005154
0.005144
0.005133
0.005123
0.005113
0.005103
0.005092
0.005082
0.005072
0.005062
0.005052
0.005042
0.005032
0.005022
0.005012
0.005002
0.004992
0.004982
0.004973
0.004963
0.004953
0.004944
0.004934
0.004925
0.004915
0.004905
0.004896
0.004887
0.004877
0.004868
0.004859
0.004849
0.004840
0.004831
0.004822
0.004812
0.004803
0.004794
0.004785
0.004776
0.004767
0.004758
0.004749
0.004740
0.004732
0.004723
0.004714
0.004705
0.004697
0.004688
0.004679
0.004671
0.004662
0.004653
0.004645
0.004636
0.004628
0.004619
0.004611
0.004603
0.004594
0.004586
0.004578
0.004569
0.004561
0.004553
0.004545
0.004537
0.004529
0.004520
0.004512
0.004504
0.004496
0.004488
0.004480
0.004472
0.004465
0.004457
0.004449
0.004441
0.004433
0.004425
0.004418
0.004410
0.004402
0.004395
0.004387
0.004379
0.004372
0.004364
0.004357
0.004349
0.004342
0.004334
0.004327
0.004320
0.004312
0.004305
0.004297
0.004290
0.004283
0.004276
0.004268
0.004261
0.004254
0.004247
0.004240
0.004233
0.004226
0.004218
0.004211
0.004204
0.004197
0.004190
0.004183
0.004177
0.004170
0.004163
0.004156
0.004149
0.004142
0.004135
0.004129
0.004122
0.004115
0.004108
0.004102
0.004095
0.004088
0.004082
0.004075
0.004069
0.004062
0.004056
0.004049
0.004042
0.004036
0.004030
0.004023
0.004017
0.004010
0.004004
0.003998
0.003991
0.003985
0.003979
0.003972
0.003966
0.003960
0.003954
0.003947
0.003941
0.003935
0.003929
0.003923
0.003917
0.003911
0.003904
0.003898
0.003892
0.003886
0.003880
0.003874
0.003868
0.003862
0.003857
0.003851
0.003845
0.003839
0.003833
0.003827
0.003821
0.003815
0.003810
0.003804
0.003798
0.003792
0.003787
0.003781
0.003775
0.003770
0.003764
0.003758
0.003753
0.003747
0.003742
0.003736
0.003730
0.003725
0.003719
0.003714
0.003708
0.003703
0.003697
0.003692
0.003687
0.003681
0.003676
0.003670
0.003665
0.003660
0.003654
0.003649
0.003644
0.003638
0.003633
0.003628
0.003623
0.003617
0.003612
0.003607
0.003602
0.003597
0.003591
0.003586
0.003581
0.003576
0.003571
0.003566
0.003561
0.003556
0.003551
0.003546
0.003541
0.003536
0.003531
0.003526
0.003521
0.003516
0.003511
0.003506
0.003501
0.003496
0.003491
0.003486
0.003482
0.003477
0.003472
0.003467
0.003462
0.003457
0.003453
0.003448
0.003443
0.003438
0.003434
0.003429
0.003424
0.003420
0.003415
0.003410
0.003406
0.003401
0.003396
0.003392
0.003387
0.003383
0.003378
0.003373
0.003369
0.003364
0.003360
0.003355
0.003351
0.003346
0.003342
0.003337
0.003333
0.003328
0.003324
0.003320
0.003315
0.003311
0.003306
0.003302
0.003298
0.003293
0.003289
0.003285
0.003280
0.003276
0.003272
0.003267
0.003263
0.003259
0.003255
0.003250
0.003246
0.003242
0.003238
0.003234
0.003229
0.003225
0.003221
0.003217
0.003213
0.003209
0.003204
0.003200
0.003196
0.003192
0.003188
0.003184
0.003180
0.003176
0.003172
0.003168
0.003164
0.003160
0.003156
0.003152
0.003148
0.003144
0.003140
0.003136
0.003132
0.003128
0.003124
0.003120
0.003116
0.003112
0.003108
0.003105
0.003101
0.003097
0.003093
0.003089
0.003085
0.003081
0.003078
0.003074
0.003070
0.003066
0.003062
0.003059
0.003055
0.003051
0.003047
0.003044
0.003040
0.003036
0.003033
0.003029
0.003025
0.003022
0.003018
0.003014
0.003011
0.003007
0.003003
0.003000
0.002996
0.002992
0.002989
0.002985
0.002982
0.002978
0.002974
0.002971
0.002967
0.002964
0.002960
0.002957
0.002953
0.002950
0.002946
0.002943
0.002939
0.002936
0.002932
0.002929
0.002925
0.002922
0.002919
0.002915
0.002912
0.002908
0.002905
0.002901
0.002898
0.002895
0.002891
0.002888
0.002885
0.002881
0.002878
0.002875
0.002871
0.002868
0.002865
0.002861
0.002858
0.002855
0.002851
0.002848
0.002845
0.002842
0.002838
0.002835
0.002832
0.002829
0.002825
0.002822
0.002819
0.002816
0.002813
0.002809
0.002806
0.002803
0.002800
0.002797
0.002793
0.002790
0.002787
0.002784
0.002781
0.002778
0.002775
0.002772
0.002768
0.002765
0.002762
0.002759
0.002756
0.002753
0.002750
0.002747
0.002744
0.002741
0.002738
0.002735
0.002732
0.002729
0.002726
0.002723
0.002720
0.002717
0.002714
0.002711
