4.000000
3.916176
3.827360
3.739885
3.647129
3.547752
3.449344
3.343905
3.234754
3.120642
2.997592
2.866094
2.736376
2.607685
2.470018
2.328594
2.186336
2.142084
2.103380
2.048829
2.008343
1.981303
1.938712
1.912032
1.880276
1.863129
1.854008
1.850329
1.834337
1.789671
1.748186
1.698877
1.637290
1.632876
1.631238
1.642688
1.651000
1.645636
1.639805
1.623459
1.602326
1.579463
1.559582
1.543614
1.530180
1.514303
1.499224
1.482758
1.465749
1.461201
1.453538
1.445931
1.435570
1.420953
1.412377
1.402774
1.396810
1.378941
1.360790
1.337956
1.314118
1.297403
1.277527
1.259885
1.239417
1.237603
1.232074
1.226691
1.220272
1.213252
1.207886
1.204357
1.201265
1.188185
1.173277
1.155719
1.138622
1.132156
1.126326
1.118972
1.111705
1.106384
1.098159
1.090925
1.086364
1.082212
1.076099
1.072046
1.065985
1.058674
1.050351
1.041193
1.032501
1.029977
1.027819
1.024808
