2.529666
1.638019
1.691992
1.391236
1.221492
1.076120
0.980686
0.919198
0.873760
0.835924
0.802251
0.771052
0.742176
0.716286
0.693246
0.672074
0.651852
0.632067
0.612666
0.594020
0.576552
0.560442
0.545711
0.532422
0.520707
0.510627
0.502059
0.494749
0.488420
0.482834
0.477795
0.473151
0.468784
0.464601
0.460530
0.456512
0.452499
0.448438
0.444270
0.439910
0.435237
0.430059
0.424092
0.416958
0.408372
0.398505
0.387756
0.375938
0.363141
0.350920
0.340301
0.330911
0.322180
0.313819
0.305713
0.297807
0.290063
0.282439
0.274882
0.267338
0.259754
0.252090
0.244316
0.236416
0.228384
0.220220
0.211935
0.203549
0.195097
0.186636
0.178243
0.170016
0.162053
0.154443
0.147250
0.140506
0.134218
0.128374
0.122949
0.117913
0.113235
0.108884
0.104833
0.101054
0.097524
0.094222
0.091127
0.088222
0.085493
0.082923
0.080500
0.078213
0.076051
0.074004
0.072064
0.070223
0.068473
0.066808
0.065223
0.063712
