4.000000
3.915314
3.830552
3.751500
3.665272
3.569980
3.474573
3.374996
3.265297
3.163820
3.061339
2.947944
2.839907
2.710657
2.571121
2.425811
2.264805
2.222918
2.175363
2.109748
2.056690
2.026729
1.986541
1.954219
1.932922
1.883117
1.829253
1.783833
1.719085
1.689441
1.668550
1.644849
1.630420
1.647480
1.653328
1.665162
1.662499
1.648268
1.641343
1.628865
1.632012
1.622983
1.607443
1.597350
1.588974
1.596187
1.597861
1.601756
1.604162
1.589986
1.576309
1.562003
1.543814
1.531041
1.515048
1.501637
1.487004
1.466739
1.448550
1.428938
1.406390
1.377579
1.353866
1.328024
1.306789
1.292258
1.281053
1.271545
1.267011
1.261568
1.254288
1.245344
1.233962
1.227829
1.221446
1.215335
1.208674
1.192039
1.173967
1.155572
1.135750
1.129681
1.125005
1.121227
1.119913
1.117450
1.111726
1.106923
1.100492
1.097788
1.094092
1.090795
1.087206
1.076699
1.065394
1.053815
1.041542
1.036256
1.031595
1.028090
1.025168
1.020638
1.015390
1.011323
1.005420
1.003847
1.002204
1.000166
0.997906
0.989792
0.982342
0.974286
0.966299
0.960333
0.954994
0.951244
0.947584
0.942558
0.938568
0.935416
0.929492
0.927739
0.927105
0.925444
0.923836
0.918048
0.913856
0.908908
